{
 "cells": [
  {
   "cell_type": "markdown",
   "metadata": {},
   "source": [
    "# Distancias"
   ]
  },
  {
   "cell_type": "code",
   "execution_count": 1,
   "metadata": {},
   "outputs": [],
   "source": [
    "from scipy.spatial import distance_matrix\n",
    "import pandas as pd"
   ]
  },
  {
   "cell_type": "code",
   "execution_count": 2,
   "metadata": {},
   "outputs": [
    {
     "data": {
      "text/html": [
       "<div>\n",
       "<style scoped>\n",
       "    .dataframe tbody tr th:only-of-type {\n",
       "        vertical-align: middle;\n",
       "    }\n",
       "\n",
       "    .dataframe tbody tr th {\n",
       "        vertical-align: top;\n",
       "    }\n",
       "\n",
       "    .dataframe thead th {\n",
       "        text-align: right;\n",
       "    }\n",
       "</style>\n",
       "<table border=\"1\" class=\"dataframe\">\n",
       "  <thead>\n",
       "    <tr style=\"text-align: right;\">\n",
       "      <th></th>\n",
       "      <th>user_id</th>\n",
       "      <th>star_wars</th>\n",
       "      <th>lord_of_the_rings</th>\n",
       "      <th>harry_potter</th>\n",
       "    </tr>\n",
       "  </thead>\n",
       "  <tbody>\n",
       "    <tr>\n",
       "      <td>0</td>\n",
       "      <td>1</td>\n",
       "      <td>1.2</td>\n",
       "      <td>4.9</td>\n",
       "      <td>2.1</td>\n",
       "    </tr>\n",
       "    <tr>\n",
       "      <td>1</td>\n",
       "      <td>2</td>\n",
       "      <td>2.1</td>\n",
       "      <td>8.1</td>\n",
       "      <td>7.9</td>\n",
       "    </tr>\n",
       "    <tr>\n",
       "      <td>2</td>\n",
       "      <td>3</td>\n",
       "      <td>7.4</td>\n",
       "      <td>3.0</td>\n",
       "      <td>9.9</td>\n",
       "    </tr>\n",
       "    <tr>\n",
       "      <td>3</td>\n",
       "      <td>4</td>\n",
       "      <td>5.6</td>\n",
       "      <td>0.5</td>\n",
       "      <td>1.8</td>\n",
       "    </tr>\n",
       "    <tr>\n",
       "      <td>4</td>\n",
       "      <td>5</td>\n",
       "      <td>1.5</td>\n",
       "      <td>8.3</td>\n",
       "      <td>2.6</td>\n",
       "    </tr>\n",
       "    <tr>\n",
       "      <td>5</td>\n",
       "      <td>6</td>\n",
       "      <td>2.5</td>\n",
       "      <td>3.7</td>\n",
       "      <td>6.5</td>\n",
       "    </tr>\n",
       "    <tr>\n",
       "      <td>6</td>\n",
       "      <td>7</td>\n",
       "      <td>2.0</td>\n",
       "      <td>8.2</td>\n",
       "      <td>8.5</td>\n",
       "    </tr>\n",
       "    <tr>\n",
       "      <td>7</td>\n",
       "      <td>8</td>\n",
       "      <td>1.8</td>\n",
       "      <td>9.3</td>\n",
       "      <td>4.5</td>\n",
       "    </tr>\n",
       "    <tr>\n",
       "      <td>8</td>\n",
       "      <td>9</td>\n",
       "      <td>2.6</td>\n",
       "      <td>1.7</td>\n",
       "      <td>3.1</td>\n",
       "    </tr>\n",
       "    <tr>\n",
       "      <td>9</td>\n",
       "      <td>10</td>\n",
       "      <td>1.5</td>\n",
       "      <td>4.7</td>\n",
       "      <td>2.3</td>\n",
       "    </tr>\n",
       "  </tbody>\n",
       "</table>\n",
       "</div>"
      ],
      "text/plain": [
       "   user_id  star_wars  lord_of_the_rings  harry_potter\n",
       "0        1        1.2                4.9           2.1\n",
       "1        2        2.1                8.1           7.9\n",
       "2        3        7.4                3.0           9.9\n",
       "3        4        5.6                0.5           1.8\n",
       "4        5        1.5                8.3           2.6\n",
       "5        6        2.5                3.7           6.5\n",
       "6        7        2.0                8.2           8.5\n",
       "7        8        1.8                9.3           4.5\n",
       "8        9        2.6                1.7           3.1\n",
       "9       10        1.5                4.7           2.3"
      ]
     },
     "execution_count": 2,
     "metadata": {},
     "output_type": "execute_result"
    }
   ],
   "source": [
    "data = pd.read_csv(\"../datasets/movies/movies.csv\", sep=\";\")\n",
    "data"
   ]
  },
  {
   "cell_type": "code",
   "execution_count": 3,
   "metadata": {},
   "outputs": [
    {
     "data": {
      "text/plain": [
       "['star_wars', 'lord_of_the_rings', 'harry_potter']"
      ]
     },
     "execution_count": 3,
     "metadata": {},
     "output_type": "execute_result"
    }
   ],
   "source": [
    "movies = data.columns.values.tolist()[1:]\n",
    "movies"
   ]
  },
  {
   "cell_type": "code",
   "execution_count": 6,
   "metadata": {},
   "outputs": [],
   "source": [
    "dd1 = distance_matrix(data[movies], data[movies], p=1)\n",
    "dd2 = distance_matrix(data[movies], data[movies], p=3)\n",
    "dd10 = distance_matrix(data[movies], data[movies], p=10)"
   ]
  },
  {
   "cell_type": "code",
   "execution_count": 7,
   "metadata": {},
   "outputs": [],
   "source": [
    "def dm_to_df(dd, col_name):\n",
    "    import pandas as pd\n",
    "    return pd.DataFrame(dd, index=col_name, columns=col_name)"
   ]
  },
  {
   "cell_type": "code",
   "execution_count": 8,
   "metadata": {},
   "outputs": [
    {
     "data": {
      "text/html": [
       "<div>\n",
       "<style scoped>\n",
       "    .dataframe tbody tr th:only-of-type {\n",
       "        vertical-align: middle;\n",
       "    }\n",
       "\n",
       "    .dataframe tbody tr th {\n",
       "        vertical-align: top;\n",
       "    }\n",
       "\n",
       "    .dataframe thead th {\n",
       "        text-align: right;\n",
       "    }\n",
       "</style>\n",
       "<table border=\"1\" class=\"dataframe\">\n",
       "  <thead>\n",
       "    <tr style=\"text-align: right;\">\n",
       "      <th>user_id</th>\n",
       "      <th>1</th>\n",
       "      <th>2</th>\n",
       "      <th>3</th>\n",
       "      <th>4</th>\n",
       "      <th>5</th>\n",
       "      <th>6</th>\n",
       "      <th>7</th>\n",
       "      <th>8</th>\n",
       "      <th>9</th>\n",
       "      <th>10</th>\n",
       "    </tr>\n",
       "    <tr>\n",
       "      <th>user_id</th>\n",
       "      <th></th>\n",
       "      <th></th>\n",
       "      <th></th>\n",
       "      <th></th>\n",
       "      <th></th>\n",
       "      <th></th>\n",
       "      <th></th>\n",
       "      <th></th>\n",
       "      <th></th>\n",
       "      <th></th>\n",
       "    </tr>\n",
       "  </thead>\n",
       "  <tbody>\n",
       "    <tr>\n",
       "      <td>1</td>\n",
       "      <td>0.000000</td>\n",
       "      <td>6.114549</td>\n",
       "      <td>8.961726</td>\n",
       "      <td>5.543945</td>\n",
       "      <td>3.404377</td>\n",
       "      <td>4.466567</td>\n",
       "      <td>6.683848</td>\n",
       "      <td>4.629551</td>\n",
       "      <td>3.317507</td>\n",
       "      <td>0.350340</td>\n",
       "    </tr>\n",
       "    <tr>\n",
       "      <td>2</td>\n",
       "      <td>6.114549</td>\n",
       "      <td>0.000000</td>\n",
       "      <td>6.615513</td>\n",
       "      <td>8.916227</td>\n",
       "      <td>5.302657</td>\n",
       "      <td>4.447825</td>\n",
       "      <td>0.601846</td>\n",
       "      <td>3.449870</td>\n",
       "      <td>7.197511</td>\n",
       "      <td>5.991989</td>\n",
       "    </tr>\n",
       "    <tr>\n",
       "      <td>3</td>\n",
       "      <td>8.961726</td>\n",
       "      <td>6.615513</td>\n",
       "      <td>0.000000</td>\n",
       "      <td>8.207578</td>\n",
       "      <td>9.058357</td>\n",
       "      <td>5.398079</td>\n",
       "      <td>6.700394</td>\n",
       "      <td>8.354511</td>\n",
       "      <td>7.531547</td>\n",
       "      <td>8.659138</td>\n",
       "    </tr>\n",
       "    <tr>\n",
       "      <td>4</td>\n",
       "      <td>5.543945</td>\n",
       "      <td>8.916227</td>\n",
       "      <td>8.207578</td>\n",
       "      <td>0.000000</td>\n",
       "      <td>8.163235</td>\n",
       "      <td>5.500077</td>\n",
       "      <td>9.298439</td>\n",
       "      <td>9.109875</td>\n",
       "      <td>3.138845</td>\n",
       "      <td>5.230954</td>\n",
       "    </tr>\n",
       "    <tr>\n",
       "      <td>5</td>\n",
       "      <td>3.404377</td>\n",
       "      <td>5.302657</td>\n",
       "      <td>9.058357</td>\n",
       "      <td>8.163235</td>\n",
       "      <td>0.000000</td>\n",
       "      <td>5.402182</td>\n",
       "      <td>5.901206</td>\n",
       "      <td>1.990455</td>\n",
       "      <td>6.611123</td>\n",
       "      <td>3.600694</td>\n",
       "    </tr>\n",
       "    <tr>\n",
       "      <td>6</td>\n",
       "      <td>4.466567</td>\n",
       "      <td>4.447825</td>\n",
       "      <td>5.398079</td>\n",
       "      <td>5.500077</td>\n",
       "      <td>5.402182</td>\n",
       "      <td>0.000000</td>\n",
       "      <td>4.629956</td>\n",
       "      <td>5.687311</td>\n",
       "      <td>3.616616</td>\n",
       "      <td>4.237458</td>\n",
       "    </tr>\n",
       "    <tr>\n",
       "      <td>7</td>\n",
       "      <td>6.683848</td>\n",
       "      <td>0.601846</td>\n",
       "      <td>6.700394</td>\n",
       "      <td>9.298439</td>\n",
       "      <td>5.901206</td>\n",
       "      <td>4.629956</td>\n",
       "      <td>0.000000</td>\n",
       "      <td>4.027704</td>\n",
       "      <td>7.561305</td>\n",
       "      <td>6.552459</td>\n",
       "    </tr>\n",
       "    <tr>\n",
       "      <td>8</td>\n",
       "      <td>4.629551</td>\n",
       "      <td>3.449870</td>\n",
       "      <td>8.354511</td>\n",
       "      <td>9.109875</td>\n",
       "      <td>1.990455</td>\n",
       "      <td>5.687311</td>\n",
       "      <td>4.027704</td>\n",
       "      <td>0.000000</td>\n",
       "      <td>7.618744</td>\n",
       "      <td>4.762365</td>\n",
       "    </tr>\n",
       "    <tr>\n",
       "      <td>9</td>\n",
       "      <td>3.317507</td>\n",
       "      <td>7.197511</td>\n",
       "      <td>7.531547</td>\n",
       "      <td>3.138845</td>\n",
       "      <td>6.611123</td>\n",
       "      <td>3.616616</td>\n",
       "      <td>7.561305</td>\n",
       "      <td>7.618744</td>\n",
       "      <td>0.000000</td>\n",
       "      <td>3.066762</td>\n",
       "    </tr>\n",
       "    <tr>\n",
       "      <td>10</td>\n",
       "      <td>0.350340</td>\n",
       "      <td>5.991989</td>\n",
       "      <td>8.659138</td>\n",
       "      <td>5.230954</td>\n",
       "      <td>3.600694</td>\n",
       "      <td>4.237458</td>\n",
       "      <td>6.552459</td>\n",
       "      <td>4.762365</td>\n",
       "      <td>3.066762</td>\n",
       "      <td>0.000000</td>\n",
       "    </tr>\n",
       "  </tbody>\n",
       "</table>\n",
       "</div>"
      ],
      "text/plain": [
       "user_id        1         2         3         4         5         6         7   \\\n",
       "user_id                                                                         \n",
       "1        0.000000  6.114549  8.961726  5.543945  3.404377  4.466567  6.683848   \n",
       "2        6.114549  0.000000  6.615513  8.916227  5.302657  4.447825  0.601846   \n",
       "3        8.961726  6.615513  0.000000  8.207578  9.058357  5.398079  6.700394   \n",
       "4        5.543945  8.916227  8.207578  0.000000  8.163235  5.500077  9.298439   \n",
       "5        3.404377  5.302657  9.058357  8.163235  0.000000  5.402182  5.901206   \n",
       "6        4.466567  4.447825  5.398079  5.500077  5.402182  0.000000  4.629956   \n",
       "7        6.683848  0.601846  6.700394  9.298439  5.901206  4.629956  0.000000   \n",
       "8        4.629551  3.449870  8.354511  9.109875  1.990455  5.687311  4.027704   \n",
       "9        3.317507  7.197511  7.531547  3.138845  6.611123  3.616616  7.561305   \n",
       "10       0.350340  5.991989  8.659138  5.230954  3.600694  4.237458  6.552459   \n",
       "\n",
       "user_id        8         9         10  \n",
       "user_id                                \n",
       "1        4.629551  3.317507  0.350340  \n",
       "2        3.449870  7.197511  5.991989  \n",
       "3        8.354511  7.531547  8.659138  \n",
       "4        9.109875  3.138845  5.230954  \n",
       "5        1.990455  6.611123  3.600694  \n",
       "6        5.687311  3.616616  4.237458  \n",
       "7        4.027704  7.561305  6.552459  \n",
       "8        0.000000  7.618744  4.762365  \n",
       "9        7.618744  0.000000  3.066762  \n",
       "10       4.762365  3.066762  0.000000  "
      ]
     },
     "execution_count": 8,
     "metadata": {},
     "output_type": "execute_result"
    }
   ],
   "source": [
    "dm_to_df(dd2, data[\"user_id\"])"
   ]
  },
  {
   "cell_type": "code",
   "execution_count": 9,
   "metadata": {},
   "outputs": [
    {
     "data": {
      "text/html": [
       "<div>\n",
       "<style scoped>\n",
       "    .dataframe tbody tr th:only-of-type {\n",
       "        vertical-align: middle;\n",
       "    }\n",
       "\n",
       "    .dataframe tbody tr th {\n",
       "        vertical-align: top;\n",
       "    }\n",
       "\n",
       "    .dataframe thead th {\n",
       "        text-align: right;\n",
       "    }\n",
       "</style>\n",
       "<table border=\"1\" class=\"dataframe\">\n",
       "  <thead>\n",
       "    <tr style=\"text-align: right;\">\n",
       "      <th>user_id</th>\n",
       "      <th>1</th>\n",
       "      <th>2</th>\n",
       "      <th>3</th>\n",
       "      <th>4</th>\n",
       "      <th>5</th>\n",
       "      <th>6</th>\n",
       "      <th>7</th>\n",
       "      <th>8</th>\n",
       "      <th>9</th>\n",
       "      <th>10</th>\n",
       "    </tr>\n",
       "    <tr>\n",
       "      <th>user_id</th>\n",
       "      <th></th>\n",
       "      <th></th>\n",
       "      <th></th>\n",
       "      <th></th>\n",
       "      <th></th>\n",
       "      <th></th>\n",
       "      <th></th>\n",
       "      <th></th>\n",
       "      <th></th>\n",
       "      <th></th>\n",
       "    </tr>\n",
       "  </thead>\n",
       "  <tbody>\n",
       "    <tr>\n",
       "      <td>1</td>\n",
       "      <td>0.000000</td>\n",
       "      <td>5.801514</td>\n",
       "      <td>7.875189</td>\n",
       "      <td>4.715803</td>\n",
       "      <td>3.400000</td>\n",
       "      <td>4.400003</td>\n",
       "      <td>6.400850</td>\n",
       "      <td>4.401025</td>\n",
       "      <td>3.200085</td>\n",
       "      <td>0.301025</td>\n",
       "    </tr>\n",
       "    <tr>\n",
       "      <td>2</td>\n",
       "      <td>5.801514</td>\n",
       "      <td>0.000000</td>\n",
       "      <td>5.582463</td>\n",
       "      <td>7.680689</td>\n",
       "      <td>5.300000</td>\n",
       "      <td>4.400005</td>\n",
       "      <td>0.600000</td>\n",
       "      <td>3.400010</td>\n",
       "      <td>6.435159</td>\n",
       "      <td>5.603800</td>\n",
       "    </tr>\n",
       "    <tr>\n",
       "      <td>3</td>\n",
       "      <td>7.875189</td>\n",
       "      <td>5.582463</td>\n",
       "      <td>0.000000</td>\n",
       "      <td>8.100007</td>\n",
       "      <td>7.408914</td>\n",
       "      <td>4.912532</td>\n",
       "      <td>5.689450</td>\n",
       "      <td>6.570254</td>\n",
       "      <td>6.820602</td>\n",
       "      <td>7.658364</td>\n",
       "    </tr>\n",
       "    <tr>\n",
       "      <td>4</td>\n",
       "      <td>4.715803</td>\n",
       "      <td>7.680689</td>\n",
       "      <td>8.100007</td>\n",
       "      <td>0.000000</td>\n",
       "      <td>7.801255</td>\n",
       "      <td>4.717102</td>\n",
       "      <td>7.873307</td>\n",
       "      <td>8.800205</td>\n",
       "      <td>3.000101</td>\n",
       "      <td>4.450759</td>\n",
       "    </tr>\n",
       "    <tr>\n",
       "      <td>5</td>\n",
       "      <td>3.400000</td>\n",
       "      <td>5.300000</td>\n",
       "      <td>7.408914</td>\n",
       "      <td>7.801255</td>\n",
       "      <td>0.000000</td>\n",
       "      <td>4.681464</td>\n",
       "      <td>5.900000</td>\n",
       "      <td>1.900310</td>\n",
       "      <td>6.600000</td>\n",
       "      <td>3.600000</td>\n",
       "    </tr>\n",
       "    <tr>\n",
       "      <td>6</td>\n",
       "      <td>4.400003</td>\n",
       "      <td>4.400005</td>\n",
       "      <td>4.912532</td>\n",
       "      <td>4.717102</td>\n",
       "      <td>4.681464</td>\n",
       "      <td>0.000000</td>\n",
       "      <td>4.500135</td>\n",
       "      <td>5.600019</td>\n",
       "      <td>3.401683</td>\n",
       "      <td>4.200000</td>\n",
       "    </tr>\n",
       "    <tr>\n",
       "      <td>7</td>\n",
       "      <td>6.400850</td>\n",
       "      <td>0.600000</td>\n",
       "      <td>5.689450</td>\n",
       "      <td>7.873307</td>\n",
       "      <td>5.900000</td>\n",
       "      <td>4.500135</td>\n",
       "      <td>0.000000</td>\n",
       "      <td>4.000001</td>\n",
       "      <td>6.595259</td>\n",
       "      <td>6.202035</td>\n",
       "    </tr>\n",
       "    <tr>\n",
       "      <td>8</td>\n",
       "      <td>4.401025</td>\n",
       "      <td>3.400010</td>\n",
       "      <td>6.570254</td>\n",
       "      <td>8.800205</td>\n",
       "      <td>1.900310</td>\n",
       "      <td>5.600019</td>\n",
       "      <td>4.000001</td>\n",
       "      <td>0.000000</td>\n",
       "      <td>7.600000</td>\n",
       "      <td>4.600288</td>\n",
       "    </tr>\n",
       "    <tr>\n",
       "      <td>9</td>\n",
       "      <td>3.200085</td>\n",
       "      <td>6.435159</td>\n",
       "      <td>6.820602</td>\n",
       "      <td>3.000101</td>\n",
       "      <td>6.600000</td>\n",
       "      <td>3.401683</td>\n",
       "      <td>6.595259</td>\n",
       "      <td>7.600000</td>\n",
       "      <td>0.000000</td>\n",
       "      <td>3.000014</td>\n",
       "    </tr>\n",
       "    <tr>\n",
       "      <td>10</td>\n",
       "      <td>0.301025</td>\n",
       "      <td>5.603800</td>\n",
       "      <td>7.658364</td>\n",
       "      <td>4.450759</td>\n",
       "      <td>3.600000</td>\n",
       "      <td>4.200000</td>\n",
       "      <td>6.202035</td>\n",
       "      <td>4.600288</td>\n",
       "      <td>3.000014</td>\n",
       "      <td>0.000000</td>\n",
       "    </tr>\n",
       "  </tbody>\n",
       "</table>\n",
       "</div>"
      ],
      "text/plain": [
       "user_id        1         2         3         4         5         6         7   \\\n",
       "user_id                                                                         \n",
       "1        0.000000  5.801514  7.875189  4.715803  3.400000  4.400003  6.400850   \n",
       "2        5.801514  0.000000  5.582463  7.680689  5.300000  4.400005  0.600000   \n",
       "3        7.875189  5.582463  0.000000  8.100007  7.408914  4.912532  5.689450   \n",
       "4        4.715803  7.680689  8.100007  0.000000  7.801255  4.717102  7.873307   \n",
       "5        3.400000  5.300000  7.408914  7.801255  0.000000  4.681464  5.900000   \n",
       "6        4.400003  4.400005  4.912532  4.717102  4.681464  0.000000  4.500135   \n",
       "7        6.400850  0.600000  5.689450  7.873307  5.900000  4.500135  0.000000   \n",
       "8        4.401025  3.400010  6.570254  8.800205  1.900310  5.600019  4.000001   \n",
       "9        3.200085  6.435159  6.820602  3.000101  6.600000  3.401683  6.595259   \n",
       "10       0.301025  5.603800  7.658364  4.450759  3.600000  4.200000  6.202035   \n",
       "\n",
       "user_id        8         9         10  \n",
       "user_id                                \n",
       "1        4.401025  3.200085  0.301025  \n",
       "2        3.400010  6.435159  5.603800  \n",
       "3        6.570254  6.820602  7.658364  \n",
       "4        8.800205  3.000101  4.450759  \n",
       "5        1.900310  6.600000  3.600000  \n",
       "6        5.600019  3.401683  4.200000  \n",
       "7        4.000001  6.595259  6.202035  \n",
       "8        0.000000  7.600000  4.600288  \n",
       "9        7.600000  0.000000  3.000014  \n",
       "10       4.600288  3.000014  0.000000  "
      ]
     },
     "execution_count": 9,
     "metadata": {},
     "output_type": "execute_result"
    }
   ],
   "source": [
    "dm_to_df(dd10, data[\"user_id\"])"
   ]
  },
  {
   "cell_type": "code",
   "execution_count": 10,
   "metadata": {},
   "outputs": [
    {
     "data": {
      "text/html": [
       "<div>\n",
       "<style scoped>\n",
       "    .dataframe tbody tr th:only-of-type {\n",
       "        vertical-align: middle;\n",
       "    }\n",
       "\n",
       "    .dataframe tbody tr th {\n",
       "        vertical-align: top;\n",
       "    }\n",
       "\n",
       "    .dataframe thead th {\n",
       "        text-align: right;\n",
       "    }\n",
       "</style>\n",
       "<table border=\"1\" class=\"dataframe\">\n",
       "  <thead>\n",
       "    <tr style=\"text-align: right;\">\n",
       "      <th>user_id</th>\n",
       "      <th>1</th>\n",
       "      <th>2</th>\n",
       "      <th>3</th>\n",
       "      <th>4</th>\n",
       "      <th>5</th>\n",
       "      <th>6</th>\n",
       "      <th>7</th>\n",
       "      <th>8</th>\n",
       "      <th>9</th>\n",
       "      <th>10</th>\n",
       "    </tr>\n",
       "    <tr>\n",
       "      <th>user_id</th>\n",
       "      <th></th>\n",
       "      <th></th>\n",
       "      <th></th>\n",
       "      <th></th>\n",
       "      <th></th>\n",
       "      <th></th>\n",
       "      <th></th>\n",
       "      <th></th>\n",
       "      <th></th>\n",
       "      <th></th>\n",
       "    </tr>\n",
       "  </thead>\n",
       "  <tbody>\n",
       "    <tr>\n",
       "      <td>1</td>\n",
       "      <td>0.0</td>\n",
       "      <td>9.9</td>\n",
       "      <td>15.9</td>\n",
       "      <td>9.1</td>\n",
       "      <td>4.2</td>\n",
       "      <td>6.9</td>\n",
       "      <td>10.5</td>\n",
       "      <td>7.4</td>\n",
       "      <td>5.6</td>\n",
       "      <td>0.7</td>\n",
       "    </tr>\n",
       "    <tr>\n",
       "      <td>2</td>\n",
       "      <td>9.9</td>\n",
       "      <td>0.0</td>\n",
       "      <td>12.4</td>\n",
       "      <td>17.2</td>\n",
       "      <td>6.1</td>\n",
       "      <td>6.2</td>\n",
       "      <td>0.8</td>\n",
       "      <td>4.9</td>\n",
       "      <td>11.7</td>\n",
       "      <td>9.6</td>\n",
       "    </tr>\n",
       "    <tr>\n",
       "      <td>3</td>\n",
       "      <td>15.9</td>\n",
       "      <td>12.4</td>\n",
       "      <td>0.0</td>\n",
       "      <td>12.4</td>\n",
       "      <td>18.5</td>\n",
       "      <td>9.0</td>\n",
       "      <td>12.0</td>\n",
       "      <td>17.3</td>\n",
       "      <td>12.9</td>\n",
       "      <td>15.2</td>\n",
       "    </tr>\n",
       "    <tr>\n",
       "      <td>4</td>\n",
       "      <td>9.1</td>\n",
       "      <td>17.2</td>\n",
       "      <td>12.4</td>\n",
       "      <td>0.0</td>\n",
       "      <td>12.7</td>\n",
       "      <td>11.0</td>\n",
       "      <td>18.0</td>\n",
       "      <td>15.3</td>\n",
       "      <td>5.5</td>\n",
       "      <td>8.8</td>\n",
       "    </tr>\n",
       "    <tr>\n",
       "      <td>5</td>\n",
       "      <td>4.2</td>\n",
       "      <td>6.1</td>\n",
       "      <td>18.5</td>\n",
       "      <td>12.7</td>\n",
       "      <td>0.0</td>\n",
       "      <td>9.5</td>\n",
       "      <td>6.5</td>\n",
       "      <td>3.2</td>\n",
       "      <td>8.2</td>\n",
       "      <td>3.9</td>\n",
       "    </tr>\n",
       "    <tr>\n",
       "      <td>6</td>\n",
       "      <td>6.9</td>\n",
       "      <td>6.2</td>\n",
       "      <td>9.0</td>\n",
       "      <td>11.0</td>\n",
       "      <td>9.5</td>\n",
       "      <td>0.0</td>\n",
       "      <td>7.0</td>\n",
       "      <td>8.3</td>\n",
       "      <td>5.5</td>\n",
       "      <td>6.2</td>\n",
       "    </tr>\n",
       "    <tr>\n",
       "      <td>7</td>\n",
       "      <td>10.5</td>\n",
       "      <td>0.8</td>\n",
       "      <td>12.0</td>\n",
       "      <td>18.0</td>\n",
       "      <td>6.5</td>\n",
       "      <td>7.0</td>\n",
       "      <td>0.0</td>\n",
       "      <td>5.3</td>\n",
       "      <td>12.5</td>\n",
       "      <td>10.2</td>\n",
       "    </tr>\n",
       "    <tr>\n",
       "      <td>8</td>\n",
       "      <td>7.4</td>\n",
       "      <td>4.9</td>\n",
       "      <td>17.3</td>\n",
       "      <td>15.3</td>\n",
       "      <td>3.2</td>\n",
       "      <td>8.3</td>\n",
       "      <td>5.3</td>\n",
       "      <td>0.0</td>\n",
       "      <td>9.8</td>\n",
       "      <td>7.1</td>\n",
       "    </tr>\n",
       "    <tr>\n",
       "      <td>9</td>\n",
       "      <td>5.6</td>\n",
       "      <td>11.7</td>\n",
       "      <td>12.9</td>\n",
       "      <td>5.5</td>\n",
       "      <td>8.2</td>\n",
       "      <td>5.5</td>\n",
       "      <td>12.5</td>\n",
       "      <td>9.8</td>\n",
       "      <td>0.0</td>\n",
       "      <td>4.9</td>\n",
       "    </tr>\n",
       "    <tr>\n",
       "      <td>10</td>\n",
       "      <td>0.7</td>\n",
       "      <td>9.6</td>\n",
       "      <td>15.2</td>\n",
       "      <td>8.8</td>\n",
       "      <td>3.9</td>\n",
       "      <td>6.2</td>\n",
       "      <td>10.2</td>\n",
       "      <td>7.1</td>\n",
       "      <td>4.9</td>\n",
       "      <td>0.0</td>\n",
       "    </tr>\n",
       "  </tbody>\n",
       "</table>\n",
       "</div>"
      ],
      "text/plain": [
       "user_id    1     2     3     4     5     6     7     8     9     10\n",
       "user_id                                                            \n",
       "1         0.0   9.9  15.9   9.1   4.2   6.9  10.5   7.4   5.6   0.7\n",
       "2         9.9   0.0  12.4  17.2   6.1   6.2   0.8   4.9  11.7   9.6\n",
       "3        15.9  12.4   0.0  12.4  18.5   9.0  12.0  17.3  12.9  15.2\n",
       "4         9.1  17.2  12.4   0.0  12.7  11.0  18.0  15.3   5.5   8.8\n",
       "5         4.2   6.1  18.5  12.7   0.0   9.5   6.5   3.2   8.2   3.9\n",
       "6         6.9   6.2   9.0  11.0   9.5   0.0   7.0   8.3   5.5   6.2\n",
       "7        10.5   0.8  12.0  18.0   6.5   7.0   0.0   5.3  12.5  10.2\n",
       "8         7.4   4.9  17.3  15.3   3.2   8.3   5.3   0.0   9.8   7.1\n",
       "9         5.6  11.7  12.9   5.5   8.2   5.5  12.5   9.8   0.0   4.9\n",
       "10        0.7   9.6  15.2   8.8   3.9   6.2  10.2   7.1   4.9   0.0"
      ]
     },
     "execution_count": 10,
     "metadata": {},
     "output_type": "execute_result"
    }
   ],
   "source": [
    "dm_to_df(dd1, data[\"user_id\"])"
   ]
  },
  {
   "cell_type": "code",
   "execution_count": 11,
   "metadata": {},
   "outputs": [],
   "source": [
    "import matplotlib.pyplot as plt\n",
    "from mpl_toolkits.mplot3d import Axes3D"
   ]
  },
  {
   "cell_type": "code",
   "execution_count": 12,
   "metadata": {},
   "outputs": [
    {
     "data": {
      "text/plain": [
       "<mpl_toolkits.mplot3d.art3d.Path3DCollection at 0x7fba9b1a67f0>"
      ]
     },
     "execution_count": 12,
     "metadata": {},
     "output_type": "execute_result"
    },
    {
     "data": {
